  8.4868491
  10.6082162
  11.7693898
  9.9610716
  9.68513182
  10.5909639
  9.05785214
  8.64304589
  11.2600449
  10.3223768
  10.1948628
  10.4915197
  10.3893522
  10.5390072
  10.1071766
  10.736654
  8.33087088
  10.0586394
  10.034284
  8.89658501
  10.8062418
  10.4194281
  9.51008591
  10.4554443
  10.1994295
  10.2584123
  10.1501413
  10.7254688
  11.3035439
  10.933786
  9.26963278
  11.8652393
  10.1339294
  9.13736269
  9.88292373
  11.4735728
  11.3844926
  10.3224875
  7.8822838
  10.8892647
  9.33452902
  10.2387477
  10.0038605
  11.3068422
  9.47389726
  8.29626952
  10.4501542
  9.60644361
  10.1702572
  9.11238939
  9.95455868
  9.63496963
  11.0361053
  10.8202918
  8.16360385
  9.8209776
  9.73610592
  10.2348128
  9.13993959
  9.47484055
  9.79200346
  9.81715733
  9.3831361
  11.8939872
  10.3097624
  10.5889782
  11.2849108
  10.0967193
  9.61068168
  11.3896857
  9.61898195
  10.2569596
  10.0301774
  11.0499746
  10.0144433
  10.8832361
  11.2665998
  9.08258368
  8.99894427
  9.91202146
  9.65975856
  10.3592011
  10.9249007
  9.21682054
  9.83444309
  11.0609371
  10.3737932
  10.9548909
  9.87045634
  10.9969218
  8.87322949
  11.1080485
  9.38130757
  9.7429809
  10.9820655
  11.2248741
  8.82822684
  10.6358242
  9.81907702
  9.9226295
